1 8 530
5 8 459
8 13 438
8 16 769
1 23 136
5 23 65
11 23 188
12 23 737
13 23 44
16 23 375
20 23 483
22 23 168
0 25 723
1 25 229
2 25 2850
5 25 158
6 25 781
7 25 469
8 25 569
9 25 545
10 25 580
13 25 137
14 25 1019
15 25 879
18 25 565
19 25 818
21 25 1120
23 25 175
1 26 111
5 26 40
11 26 163
12 26 712
13 26 19
16 26 350
20 26 458
22 26 143
25 26 150
25 27 667
0 28 593
1 28 99
2 28 2720
5 28 28
6 28 651
7 28 339
8 28 439
9 28 415
10 28 450
13 28 7
14 28 889
15 28 749
18 28 435
19 28 688
21 28 990
23 28 45
26 28 20
27 28 537
8 29 603
23 29 209
26 29 184
1 30 154
5 30 83
11 30 206
12 30 755
13 30 62
16 30 393
20 30 501
22 30 186
25 30 193
28 30 63
29 30 227
23 31 302
26 31 227
30 31 320
23 32 485
26 32 460
30 32 503
